100504381
101395259
101497191
101929303
102283403
103604037
104195270
105387356
105801221
106114491
106224626
106997505
107728509
108645766
108835813
108939482
10974783
1101909431
110428269
11111899
112395568
1133072
113553629
113919944
114103134
115446313
115564354
116257066
117256577
117689799
117979694
118021229
119081096
11996814
120269103
120585579
120602501
122220263
122485078
123106490
124543547
124709665
125405602
125894957
127315102
127476180
127793615
128463355
128501004
129319156
129881395
129991079
130191319
13023738
130611752
131419878
131581522
131979339
132534906
133505138
133654092
134315574
134396419
13499636
135083444
136848581
136971594
137157546
137284119
137500798
137543637
138361973
138497780
138968089
139118482
139853601
1400770435
140706664
140830390
141227133
141412823
141482386
141616639
141631253
141663464
141776043
141985686
142090065
142918609
143022742
143257766
143350972
143526444
143994283
144043410
144440290
144956678
145027461
145982812
146244533
146463781
146467675
146836153
147340931
147576037
147660201
147895461
148659924
149126400
149539158
149601557
150247134
150271680
151959065
15247229
153027658
153651591
153949511
154927364
155005217
155044736
155114483
155491828
155947004
155995204
156115721
156816238
15682927
156991337
157528286
157568289
15827263
158551257
158916431
159244568
159334269
159510109
160074939
160162987
160268701
161156159
161450762
16187321
162246865
162577466
164150539
165523947
165551882
166184426
166190643
167009792
167031605
167098530
167418898
167754523
168871868
169187982
16920150
169532369
169904935
170103435
17150865
172110606
172464366
172754786
172871230
174143743
17416749
175079720
175180796
175310067
176778112
176831592
176957796
176984236
177126182
177722855
179155220
179159972
18017227
182470056
182943944
183979262
184679932
184869170
184952758
185226925
186000935
186599508
187532854
188593930
188989177
189013222
189620016
190081497
190743990
19155785
192372961
192520375
193628179
193708920
1950736
195093356
195199644
196286587
197650870
197959526
198211976
198384408
198457103
198616607
199162630
199688472
200593988
200807066
201233610
20178111
20182165
202428245
206466531
206498307
207084429
207501148
20988926
21755546
219164808
219205407
219208037
219239945
219379012
219380235
219388773
219401954
219751469
219821826
219824469
220016044
22020459
220396259
220435095
220518305
224313733
224418572
224600500
224601047
22843856
229091748
229141709
229384040
229536616
229770036
229951289
229976631
230017325
230075120
230086768
230267547
230386397
23113034
231721005
232679662
232967666
233059608
233390838
233503636
233541860
233569098
233681149
233684293
233684822
233735068
23389848
235684392
23650642
236775063
237108272
237184773
237185205
237200747
237235093
237751146
237808867
238162973
238197709
238374636
238597883
239136269
239372503
239541449
239722954
240148934
242536549
243153196
243333538
24364065
245947683
247873937
249067445
250386181
250484865
251086776
252537013
252636888
253030300
253132689
253990973
255760319
255918903
256349966
256621916
256886630
258402425
258557847
258777137
258801269
258871793
259099556
259126549
259129875
259151170
259389219
259701242
259863352
259962054
260043723
260271203
260476837
260609205
261258875
262530873
262531275
262781201
264303333
265077027
26583436
266688542
267484653
267489265
267527924
267561446
267867517
268042363
268371979
268914377
269450900
269892793
270435047
270841724
271042173
271167979
271581073
271596418
271722899
271900960
272050287
272086159
27244707
272625214
273774284
274122380
274138511
274170255
274599700
274662200
274762761
274942910
275111900
275248683
275384718
275501623
2760710
276360911
276380902
277014266
277099925
277103955
277871306
277987172
278199349
27844066
278968371
279177746
279212407
279251651
279605855
279740441
279982557
279999655
281979481
284050395
284288080
284450803
284528889
284564230
284747017
285233023
285524410
285542903
285677945
286132427
28643432
286561122
287190564
287329267
287474726
288185138
288391628
288471040
28873762
289316336
289988797
290302097
29117085
291555748
292321872
293075732
29336129
293567206
293708935
29374525
294173437
294176967
294179389
294283951
294500964
294599100
294780517
294869729
295354126
295413003
295807723
296898634
29781292
298049015
298666530
29960109
300011941
300013921
300557619
300599466
300810086
300871545
301051430
302659412
302814895
302895996
30312676
30329585
303364023
303883880
304021498
304042899
305550963
305943739
306902029
307111282
307377219
307734817
307956396
308034948
308307606
308425348
308919449
309402106
309787037
310483807
310981412
311121985
311183180
312122956
312221462
31268146
312899686
313506357
313891529
314724818
315755496
31656385
316916655
316937670
317397615
317507345
317951248
318209162
31858844
318608749
319068154
320417762
320525204
321068176
321436679
322202434
32283946
323658120
324395151
325172035
325680697
326347927
326453034
326732851
326919774
327011842
327017634
327663613
32830028
328750515
329709756
329864959
330332501
330468175
33091633
331034236
33153766
333821572
334911765
335483600
335489455
336267424
33690636
337129672
33878688
339250695
339591840
339636032
339733013
341186896
341297143
341444900
341544930
341729521
341815767
343442463
343648136
344085117
344926234
34505005
345333936
345996087
346418409
347011522
347098457
348054109
348673213
348684813
348755723
348844154
349373192
349786918
349790953
350044062
350332997
350445771
350743714
350995812
352924930
353367071
353586703
354151219
354285962
354594208
355636844
355732304
356158613
356235833
356453768
356868487
356919658
357416482
357457104
357536526
357538688
357972447
358186451
358631536
359496368
362220495
363260203
363761216
364075352
364107753
364408162
365639282
365690646
365781372
366074069
366563452
366602797
367099243
367102581
367287018
367607434
367855829
367913453
369480087
369864738
370745311
37084932
371210825
371711170
372913430
373424049
373576942
373785851
374200604
374400599
374778982
375199523
375225453
376168473
376682699
376981340
377144784
377165123
377191482
377290815
377304435
378355116
379629854
379931600
380517859
380886535
381976956
382188882
382302241
382331352
382437043
382474101
383531859
384045439
384549882
384744828
385624852
386297468
386435344
38686737
387079085
387413037
387527558
387664866
387834907
388076005
388624270
389182138
389371332
389525208
390048041
39077574
391821647
392112968
393251073
393911494
394029948
394509844
395773226
398733009
398912927
399144800
399444057
399642071
399956873
400323948
400476523
400595342
400786146
403136413
403693875
404610583
405484221
406190563
407394748
40779013
408159788
408203470
408549705
408729765
409459226
40954422
410245915
41173048
412014494
412259468
412961700
41330864
41422753
415741431
415969574
416539317
416624606
417705690
419419534
420112587
42015200
420645189
420803693
42123111
421308357
422653398
422838133
424699834
424747720
425721385
426017070
426077080
427348923
427352241
42755801
427654774
428685938
429295277
429414530
4294779
430528566
43064903
430677414
431156009
431899140
431999925
432008938
434234955
434718964
435861696
436099179
437893926
438295981
438490744
439610306
440100539
440801822
441334829
441732151
4426490
443658196
444413256
444415148
445137888
445586472
445822015
446549905
446616059
447283466
44745077
449050247
449050248
450327768
453209605
453230066
453464017
456042145
456305193
457138169
457939414
458589703
458856474
458857720
459903429
459942762
459952217
459978312
459997997
460140752
461080504
461271719
461538935
461662295
463203560
463681005
464067218
464296022
466318137
467281353
467783290
468472950
468845640
470315428
470709084
470974162
47384844
47484268
48188920
49687222
49710555
49899799
49967354
50309953
50365310
51024887
5109298
52041724
52548453
53427308
53593457
54044474
54085154
54390047
55383975
55452495
55748194
5772442
59003115
61980227
62301521
62530991
63303499
64531556
64836837
65347776
66356824
6653897
66783360
67247610
67309890
67926921
68322189
686072378
69672493
69997672
70887357
71134735
71396541
71854732
73244652
73723286
74197917
7439481
74482749
75208638
75427473
75656058
76197937
7624182
77031413
77228304
78154865
80275202
80478272
81212286
81429971
82362447
82707763
83053699
86280613
86451883
8677530
87044036
87597187
89510024
89535068
89643259
89702406
89759617
89876424
9032368
9033144
90448944
90504905
90544017
92013169
92359850
92783821
93125144
93594834
93963408
95010343
95129101
96097215
96246348
96291218
97158538
9727392
97700520
97735297
9804616
99330090
