100014359
100097716
100099031
100100827
1003831
100608026
100757807
100921768
100990000
101011575
101037590
101948569
101955023
102030574
102195674
102672709
102840239
103448870
104024556
104208182
106224627
106402532
107782586
1101855081
1103432
111991770
112037211
1129033
114018671
114749636
115242351
11561667
116156517
116382006
116608612
117979455
117979850
117979897
118327533
118327550
118586896
119292328
119584412
120610833
120896927
120916706
121338379
121966220
122612091
122613513
123482865
123702439
123846039
123898871
123958679
12421862
12423815
124573851
125735470
126733133
127530399
12862099
129637892
129979528
130181866
13021029
13023378
130415266
130924120
131081852
131743355
133334108
13349647
13419950
134200185
134404603
134537478
136274063
137881699
137906197
138017750
138168780
138727432
138762614
138819293
139285832
139357541
139528693
139733308
140068425
140691463
140760434
14091633
14091704
141363913
141527579
141527965
141608198
14165625
141768070
142381532
142387023
143257768
143271144
14336130
144065872
144138509
144276942
144301052
144301273
144336525
144401492
144441148
144700903
1449640
145750719
145879095
14614418
146172354
146406806
146520535
146589986
14661418
146846569
147203645
147950620
147977348
148228019
148479278
148679712
149010208
149301575
149302744
149603524
149788158
149833117
149990841
150030205
150098860
150151262
150167117
150428135
150428703
150430484
151681127
151825527
152147232
152476657
1528696
153065527
153077621
154089169
154181821
15445551
154459165
154618248
154840461
154867950
154872375
1551345500
156002449
156016136
156075294
156724719
15692883
156987351
157225097
157586003
158002130
158588995
158623531
15863518
158978373
159418353
159951311
160045097
160148385
160222069
160440924
161477033
162362398
162577468
162689341
16288184
164150537
164767175
165317334
165763244
165987272
166184428
166648874
166739520
166833457
166836920
167303382
167342439
16740101
167415965
167418903
167600516
167714792
168699373
169226822
169765334
17005768
170102285
170634116
170849515
1718201850
172193428
172518755
173612049
173640199
174041208
174599051
175176327
175477257
175482273
175532955
176796997
176860064
177077336
177115354
177162886
177244357
177258735
17746821
178155732
178284730
178367144
178709444
178819686
179034327
179308757
179317684
17993892
179985715
180145006
180285396
180652891
180695581
180987952
181159386
181304295
181804752
183120439
183532609
183537452
183593642
183675732
183985250
184240683
186547153
186812530
1884091865
188570092
188768068
189013224
190223929
19025965
190496853
190990336
190998418
191284318
192826603
193413306
193641523
19451711
19519368
196286578
198008005
1980725947
198077394
198108326
198153540
198206613
198241702
198385543
198390247
199731190
200322593
200723869
201186294
201248411
201292545
201793781
202375913
202426247
20318757
204317710
204376737
206352378
206474443
206609630
206669860
206686292
207081058
207110080
207141131
207237016
207277638
207425167
207468071
209459275
210873792
211438925
214361331
21535395
216935214
218795833
219187649
219189765
219195044
219229644
219253008
219338557
219344917
219345200
219698950
219728669
219776325
219824470
219852882
219857012
219860288
220029715
220459826
220459976
220475245
220479565
22221375
224225541
224245334
224271611
224596152
22529346
22705558
228381868
228507250
229047362
229400092
229455001
229510866
229650439
229742722
229750058
229811538
229938290
229940491
229944666
230017324
230088370
230377505
230386259
230982885
231081369
231289421
231663901
231670397
231702397
231721006
231728511
231912935
232025086
232635922
232650365
232967440
232982938
233009109
233071822
233071926
233087860
233602827
233720539
233964642
234112540
234345288
23434737
234519192
234523599
234825296
234994474
235037761
235905185
236887394
237086564
237099296
23740089
237914496
237920046
237924601
237928815
238004786
238059180
238061845
238086647
238176110
238197638
238898571
238932509
239154970
240681314
240968774
241040309
241076290
241173474
241196395
241225337
243185500
243200602
244161191
248075138
248111245
248434716
249945230
250724252
251384275
25155310
251848941
251852984
251855940
251878904
252479260
252616865
25375553
253917292
254113311
255685030
255704097
257241363
257567854
257605131
25799609
258829450
259168516
259353953
259377017
259511357
259592689
260004324
260130483
260304296
260304800
260417932
260640693
260647166
260708537
260985861
261136679
261257684
261867566
262530407
262530780
262746281
263003176
264678534
264979636
265612438
266500992
266980320
267263253
267574918
267694283
268334473
268403451
268644785
268766053
269238073
269558487
270341214
270380593
270468559
270507305
271168962
271596225
271893367
27194429
271971130
272672133
272758199
273985865
274215536
2758565
276128561
27649847
277634430
277683130
278683844
278775625
278895705
279425357
27966179
279741379
280095254
280097543
280206394
280210963
280437559
280830734
281459670
281541555
281575427
281710229
281731203
281781375
281909674
281924357
282091492
28230919
283474780
283722336
284288093
284441182
284475976
284738182
285048486
285094173
285543785
285666479
286355915
286696849
286864983
286865921
286916251
287080092
287139872
287196418
287225295
287563610
288471046
288631580
288636342
28900646
289100911
289535142
289580577
289793076
290131778
290348383
29054413
29119552
29191596
29191624
29344935
293617835
293853437
294090620
294179385
294301883
294395926
296739893
296780789
297967252
29831208
298372701
29857954
298647682
299158887
29918916
29959760
29960110
299798795
299945285
300038935
300293197
30037565
300710077
30122649
302773669
304100538
304142124
305048087
305048116
305424003
306263608
306338882
306362738
306472057
306955329
306996324
307210830
307610438
307956397
308050066
308208458
30828562
30853470
308994098
309254930
309257814
309791156
309792357
310003988
310009611
312678993
312862941
313408643
31374837
314865962
315002523
316769613
317060587
317548889
317597583
318022259
31852980
31858843
318937509
319312479
320536216
32090583
321011127
321041369
321982642
322054600
322063810
322307342
323295479
32497972
32499655
327341626
327579226
327952677
328350926
330799746
332064670
332477926
332660150
333607525
334305570
33521996
335499997
335630746
336732616
33692729
33831980
33911302
339672028
339857675
339961200
34068865
34077285
341419787
341420329
345143460
347329162
347332255
348538431
348755728
348770361
349518800
349827430
349829627
35009898
350153977
350584963
350618622
352413427
353475866
353782445
354469661
35516889
355509914
355637190
355703913
35582553
356311210
356473034
356978132
358460246
35857242
359271092
360286627
360816296
361413119
362249359
36352297
363914762
364074068
364395234
36440357
365673804
366074071
366576758
366622912
36724087
36734222
367366318
367753709
367858035
368435330
369327947
369336146
369457671
369861728
371234684
37168957
372596795
372730331
373693175
373844472
374095457
374829238
375059587
375223080
375542276
37575651
376353509
376524552
376637093
377064495
37749396
37770169
378291076
378976682
379929661
380886534
381714186
381979901
382068562
382391899
382463648
382626661
38460940
38509907
38510224
38541473
38571020
38603673
38696105
387260717
387690507
388104525
388106759
388130237
38846515
389070884
389753172
389924075
390651552
391904697
391949880
393414358
393831507
393940766
394137592
394561119
394657039
394698182
396562848
396720998
396740648
39699648
398943781
399870368
399871011
40083958
402026209
402319411
403136415
403224672
403693870
404340025
404467699
404505029
404518509
405454160
405700729
406941612
406976746
407126408
407966340
408137826
408310006
408618999
408636441
409794137
410094645
410153553
410214986
410450228
411608801
41227743
413248763
413376180
414019147
415969908
420049884
420112589
42054565
421894914
422655579
422756130
422923265
423275733
423670610
424391516
424435940
424733642
425206121
425934411
425997655
427508467
427761355
42821097
428679607
429304876
429358906
431514478
432549364
434105231
434486077
435680451
43647325
437242640
437248515
437333618
437984134
439456714
440777904
440887364
441075486
441462736
441738827
441739020
441739871
441798995
444842193
445144327
445805961
44631965
44647437
446549906
447061717
44737596
44792534
44797824
451599528
451606970
451645081
452808876
452866790
453211454
453260209
453387619
455096220
455135327
455791689
458478250
459970307
460205581
46096489
460984940
4616072
461867584
462162948
463402815
4646810
466840711
467666275
468880077
468987719
468997317
470381900
470987100
47316976
47423120
47425697
47525799
47911178
48103627
48476907
48476908
4897275
49079670
49771092
50120414
50312495
50618703
51234631
51912829
52204645
52280468
52368076
52640302
53189332
53735810
53875855
54002556
54962195
55092869
55488511
55525572
55559618
55650590
55652896
58542531
5868998
59843967
61098812
61538902
61988212
62483237
63898957
64071894
65212867
65412605
66413476
66497310
66561343
66818296
67418624
67646988
67666096
67772767
68035559
69679391
70440470
70513361
70785910
70797900
70899085
70914192
71431780
71512186
71612483
72985822
73038411
73228647
73448352
73540072
73649615
73717937
74534430
7561203
76923707
76989773
77031414
77044471
77156829
77253676
77527511
77951245
78055054
79292541
79748331
80432617
80439101
81212289
81247740
81419525
81831095
82128636
82308728
83092282
8400842
85031598
85242435
85293053
86396382
87090944
8767448
88684250
88863718
88977253
89020549
89256802
8967242
8988289
9006668
9032367
9100874
92226327
92352620
92880568
92992033
9348006
9392421
94986319
95122849
9725627
97409519
9858404
98796344
99834717
